-24.000 -54.000 -10.000
-26.000 -78.000 -14.000
-46.000 -70.000 -8.000
-10.000 -68.000 -4.000
-26.000 -96.000 -12.000
-14.000 -44.000 -2.000
-6.000 -92.000 -4.000
-48.000 -70.000 10.000
-22.000 -96.000 6.000
-12.000 -70.000 8.000
-40.000 -84.000 10.000
-12.000 -72.000 22.000
-6.000 -88.000 28.000
-24.000 -88.000 24.000
-50.000 -4.000 -2.000
-54.000 -24.000 10.000
-36.000 -22.000 16.000
-56.000 -4.000 10.000
-52.000 -22.000 18.000
-56.000 -8.000 30.000
-48.000 -8.000 46.000
-8.000 -12.000 46.000
-48.000 -28.000 56.000
-40.000 -26.000 56.000
-30.000 -46.000 62.000
-32.000 -22.000 64.000
-26.000 -38.000 68.000
-20.000 -10.000 68.000
-4.000 -32.000 66.000
-20.000 -30.000 68.000
-44.000 -48.000 -20.000
-56.000 -60.000 -2.000
-26.000 -70.000 38.000
-54.000 -26.000 42.000
-40.000 -36.000 48.000
-32.000 -48.000 46.000
-16.000 -72.000 54.000
-30.000 -60.000 60.000
-6.000 -60.000 56.000
-18.000 -54.000 68.000
-32.000 -4.000 54.000
-22.000 6.000 62.000
-48.000 6.000 28.000
-56.000 -40.000 20.000
-62.000 -26.000 28.000
-60.000 -40.000 36.000
-40.000 -4.000 -4.000
-34.000 20.000 6.000
-38.000 0.000 10.000
-52.000 8.000 10.000
-28.000 42.000 32.000
-6.000 10.000 42.000
-12.000 -36.000 46.000
-6.000 -2.000 66.000
-24.000 22.000 -20.000
-10.000 36.000 -20.000
-30.000 -6.000 -40.000
-44.000 -20.000 -30.000
-28.000 10.000 -34.000
-42.000 8.000 -18.000
-54.000 -50.000 46.000
-34.000 -62.000 48.000
-46.000 -42.000 46.000
-60.000 -42.000 -14.000
-32.000 42.000 -14.000
-42.000 50.000 -6.000
-28.000 58.000 8.000
-42.000 40.000 16.000
-44.000 20.000 28.000
-42.000 6.000 44.000
-10.000 -74.000 38.000
-4.000 -28.000 28.000
-4.000 4.000 30.000
-46.000 8.000 -32.000
-60.000 -18.000 -22.000
-56.000 -6.000 -12.000
-58.000 -30.000 -4.000
-58.000 -42.000 8.000
-48.000 -58.000 18.000
-38.000 -80.000 32.000
-58.000 -54.000 28.000
-46.000 -66.000 38.000
-34.000 20.000 -14.000
-6.000 36.000 -10.000
-46.000 30.000 -8.000
-12.000 64.000 -6.000
-52.000 22.000 8.000
-6.000 44.000 8.000
-8.000 60.000 20.000
-6.000 30.000 24.000
-12.000 48.000 44.000
-4.000 34.000 44.000
-40.000 18.000 50.000
-24.000 24.000 48.000
-10.000 16.000 64.000
-10.000 -56.000 12.000
-6.000 -54.000 28.000
-4.000 -30.000 36.000
-6.000 -54.000 42.000
-26.000 -32.000 -18.000
38.000 -34.000 -24.000
28.000 -36.000 -14.000
28.000 -68.000 -12.000
12.000 -64.000 -4.000
48.000 -72.000 -6.000
12.000 -92.000 -6.000
16.000 -46.000 -2.000
30.000 -94.000 -4.000
8.000 -76.000 8.000
22.000 -60.000 8.000
42.000 -80.000 10.000
20.000 -90.000 22.000
10.000 -74.000 26.000
16.000 -84.000 40.000
32.000 -74.000 32.000
52.000 -14.000 4.000
64.000 -24.000 8.000
38.000 -14.000 14.000
44.000 -28.000 18.000
60.000 0.000 10.000
56.000 -12.000 14.000
58.000 -4.000 30.000
10.000 -16.000 42.000
52.000 -22.000 52.000
46.000 -12.000 48.000
6.000 -10.000 52.000
40.000 -24.000 58.000
32.000 -40.000 64.000
34.000 -20.000 66.000
28.000 -34.000 66.000
22.000 -8.000 68.000
10.000 -40.000 70.000
6.000 -22.000 68.000
20.000 -30.000 70.000
50.000 -54.000 -16.000
52.000 -60.000 10.000
60.000 -16.000 34.000
46.000 -38.000 50.000
42.000 -32.000 46.000
14.000 -74.000 52.000
34.000 -48.000 50.000
26.000 -62.000 58.000
8.000 -56.000 62.000
22.000 -48.000 70.000
34.000 -4.000 52.000
26.000 8.000 58.000
52.000 10.000 20.000
58.000 -46.000 10.000
60.000 -38.000 16.000
60.000 -26.000 28.000
50.000 4.000 40.000
40.000 6.000 -16.000
46.000 -4.000 -4.000
36.000 24.000 4.000
44.000 6.000 4.000
8.000 10.000 42.000
10.000 -36.000 46.000
8.000 4.000 66.000
12.000 38.000 -22.000
28.000 22.000 -20.000
14.000 64.000 -8.000
30.000 8.000 -38.000
46.000 -12.000 -34.000
26.000 -10.000 -32.000
62.000 -38.000 36.000
52.000 -42.000 48.000
38.000 -62.000 48.000
62.000 -42.000 -12.000
34.000 22.000 -8.000
36.000 46.000 -14.000
30.000 58.000 4.000
44.000 44.000 10.000
46.000 24.000 26.000
30.000 48.000 28.000
40.000 34.000 38.000
42.000 14.000 48.000
14.000 -70.000 36.000
6.000 -24.000 30.000
4.000 2.000 30.000
8.000 30.000 28.000
8.000 24.000 56.000
46.000 -70.000 28.000
54.000 -50.000 28.000
50.000 -58.000 44.000
48.000 12.000 -30.000
60.000 -12.000 -20.000
54.000 -6.000 -10.000
62.000 -26.000 -6.000
52.000 -32.000 2.000
50.000 28.000 0.000
4.000 36.000 -14.000
8.000 42.000 4.000
6.000 28.000 16.000
8.000 58.000 18.000
16.000 46.000 44.000
28.000 30.000 42.000
24.000 24.000 54.000
12.000 -54.000 14.000
6.000 -48.000 30.000
6.000 -58.000 44.000
27.191 -22.182 -14.138
24.166 -3.749 -18.663
15.406 -26.915 2.811
9.982 -14.608 8.643
12.738 14.272 -5.107
20.121 -3.818 -1.697
26.786 0.441 0.835
13.917 10.726 10.009
-25.191 -22.182 -14.138
-22.166 -3.749 -18.663
-13.406 -26.915 2.811
-7.982 -14.608 8.643
-10.738 14.272 -5.107
-18.121 -3.818 -1.697
-24.786 0.441 0.835
-11.917 10.726 10.009
